[gd_scene load_steps=14 format=3 uid="uid://cb0x1dotn46nw"]

[ext_resource type="Script" uid="uid://dv6xi5e2p0qcl" path="res://src/level/music_room.gd" id="1_lsvsq"]
[ext_resource type="PackedScene" uid="uid://b3ml34bssywkr" path="res://scene/player.tscn" id="2_qvsbv"]
[ext_resource type="PackedScene" uid="uid://dwvyc2qlcdag0" path="res://scene/chessboard_large.tscn" id="3_w2bcl"]
[ext_resource type="PackedScene" uid="uid://cingkxj4uodjo" path="res://assets/model/window.glb" id="4_4jgku"]
[ext_resource type="PackedScene" uid="uid://cefxs7grh28rs" path="res://assets/model/door.glb" id="5_10bqq"]
[ext_resource type="Script" uid="uid://bbi6kjxerg3hk" path="res://src/marker_teleport.gd" id="6_nictv"]
[ext_resource type="PackedScene" uid="uid://bw127d1iawnv3" path="res://assets/model/radermachera_sinica.glb" id="10_fuo2w"]
[ext_resource type="PackedScene" uid="uid://csyr72dpa475x" path="res://assets/model/hotel_bed.glb" id="10_sgxwk"]
[ext_resource type="PackedScene" uid="uid://bcfafdue4esy7" path="res://assets/model/reception_table.glb" id="11_0snkg"]
[ext_resource type="PackedScene" uid="uid://c3peh1jag1bb1" path="res://assets/model/reception_chair.glb" id="11_yrfn8"]

[sub_resource type="ProceduralSkyMaterial" id="ProceduralSkyMaterial_e1edc"]
sky_top_color = Color(1, 1, 1, 1)
sky_horizon_color = Color(1, 1, 1, 1)
ground_bottom_color = Color(1, 1, 1, 1)
ground_horizon_color = Color(1, 1, 1, 1)

[sub_resource type="Sky" id="Sky_cw0l5"]
sky_material = SubResource("ProceduralSkyMaterial_e1edc")

[sub_resource type="Environment" id="Environment_ve7rb"]
background_mode = 2
background_color = Color(1, 1, 1, 1)
sky = SubResource("Sky_cw0l5")
tonemap_mode = 2
ssr_enabled = true
fog_enabled = true
fog_light_color = Color(1, 1, 1, 1)

[node name="hotel_room" type="Node3D"]
script = ExtResource("1_lsvsq")
metadata/by = 33

[node name="WorldEnvironment" type="WorldEnvironment" parent="."]
environment = SubResource("Environment_ve7rb")

[node name="DirectionalLight3D" type="DirectionalLight3D" parent="."]
transform = Transform3D(0.840762, 0.239459, -0.485571, 0.242345, 0.635549, 0.733039, 0.484137, -0.733987, 0.476314, 2.61496, 2.82427, 0)
shadow_enabled = true

[node name="player" parent="." instance=ExtResource("2_qvsbv")]

[node name="chessboard" parent="." instance=ExtResource("3_w2bcl")]

[node name="camera" type="Camera3D" parent="."]
transform = Transform3D(-4.2222e-08, 0.466387, -0.884581, -1.13133e-08, 0.884581, 0.466387, 1, 2.96993e-08, -3.20724e-08, -8.6211, 3.60401, 0.66703)
fov = 58.5874

[node name="window" parent="." instance=ExtResource("4_4jgku")]
transform = Transform3D(-4.37114e-08, 0, 1, 0, 1, 0, -1, 0, -4.37114e-08, 3, 0, 0)

[node name="door" parent="." instance=ExtResource("5_10bqq")]
transform = Transform3D(-4.37114e-08, 0, 1, 0, 1, 0, -1, 0, -4.37114e-08, -6, 0, 1)

[node name="marker_teleport" type="Marker3D" parent="."]
transform = Transform3D(1, 0, 0, 0, 1, 0, 0, 0, 1, -5, 0, 1)
script = ExtResource("6_nictv")
to = "res://scene/level/hallway_3f.tscn"
args = {
"by": 51
}
metadata/_custom_type_script = "uid://bbi6kjxerg3hk"

[node name="chairs" type="Node3D" parent="."]

[node name="radermachera_sinica_1" parent="." instance=ExtResource("10_fuo2w")]
transform = Transform3D(1, 0, 0, 0, 1, 0, 0, 0, 1, 2.29198, 0, -0.346018)

[node name="radermachera_sinica_2" parent="." instance=ExtResource("10_fuo2w")]
transform = Transform3D(1, 0, 0, 0, 1, 0, 0, 0, 1, 2.30046, 0, 2.2609)

[node name="reception_chair" parent="." instance=ExtResource("11_yrfn8")]
transform = Transform3D(0.258819, 0, -0.965926, 0, 1, 0, 0.965926, 0, 0.258819, 2.35379, 0, -3.42516)

[node name="hotel_bed" parent="." instance=ExtResource("10_sgxwk")]
transform = Transform3D(1, 0, 0, 0, 1, 0, 0, 0, 1, -1, 0, -3)

[node name="reception_chair_2" parent="." instance=ExtResource("11_yrfn8")]
transform = Transform3D(-0.707107, 0, -0.707107, 0, 1, 0, 0.707107, 0, -0.707107, 2.35379, 0, -1.42516)

[node name="reception_table2" parent="." instance=ExtResource("11_0snkg")]
transform = Transform3D(1, 0, 0, 0, 1, 0, 0, 0, 1, 1.44213, 0, -2.26224)
