[gd_scene load_steps=16 format=3 uid="uid://bhjsdubmphpk4"]

[ext_resource type="Script" uid="uid://cr2epvubmbpcu" path="res://src/level/reception_lobby.gd" id="1_s7rcd"]
[ext_resource type="PackedScene" uid="uid://b3ml34bssywkr" path="res://scene/player.tscn" id="2_gimty"]
[ext_resource type="PackedScene" uid="uid://dwvyc2qlcdag0" path="res://scene/chessboard_large.tscn" id="2_s8vca"]
[ext_resource type="PackedScene" uid="uid://cefxs7grh28rs" path="res://assets/model/door.glb" id="3_aion5"]
[ext_resource type="PackedScene" uid="uid://ylr82inm0vxe" path="res://assets/model/counter.glb" id="4_s8vca"]
[ext_resource type="PackedScene" uid="uid://c3peh1jag1bb1" path="res://assets/model/reception_chair.glb" id="5_aion5"]
[ext_resource type="PackedScene" uid="uid://bcfafdue4esy7" path="res://assets/model/reception_table.glb" id="6_sftlp"]
[ext_resource type="PackedScene" uid="uid://bw021nt6bdr6t" path="res://assets/model/elevator.glb" id="7_s7rcd"]
[ext_resource type="Script" uid="uid://bbi6kjxerg3hk" path="res://src/marker_teleport.gd" id="9_lctwu"]
[ext_resource type="Script" uid="uid://chtqhpiu556i1" path="res://src/marker_bit.gd" id="10_h67uj"]
[ext_resource type="Script" uid="uid://bt4vtnpxu5i4x" path="res://src/actor.gd" id="10_rxgqy"]

[sub_resource type="ProceduralSkyMaterial" id="ProceduralSkyMaterial_j5fnc"]
sky_top_color = Color(1, 1, 1, 1)
sky_horizon_color = Color(1, 1, 1, 1)
ground_bottom_color = Color(1, 1, 1, 1)
ground_horizon_color = Color(1, 1, 1, 1)

[sub_resource type="Sky" id="Sky_gimty"]
sky_material = SubResource("ProceduralSkyMaterial_j5fnc")

[sub_resource type="Environment" id="Environment_sb1hd"]
background_mode = 2
background_color = Color(1, 1, 1, 1)
sky = SubResource("Sky_gimty")
ssr_enabled = true
fog_light_color = Color(1, 1, 1, 1)

[sub_resource type="StandardMaterial3D" id="StandardMaterial3D_gimty"]

[node name="reception_lobby" type="Node3D"]
script = ExtResource("1_s7rcd")
metadata/_custom_type_script = "uid://rhdq34na2j5m"
metadata/by = 81

[node name="player" parent="." instance=ExtResource("2_gimty")]

[node name="camera" type="Camera3D" parent="."]
transform = Transform3D(0.985733, 0.114297, -0.123559, 1.93588e-08, 0.734086, 0.679056, 0.168317, -0.669368, 0.723613, -0.621102, 10.018, 11.9718)
fov = 58.5874

[node name="WorldEnvironment" type="WorldEnvironment" parent="."]
environment = SubResource("Environment_sb1hd")

[node name="DirectionalLight3D" type="DirectionalLight3D" parent="."]
transform = Transform3D(0.840762, 0.239459, -0.485571, 0.242345, 0.635549, 0.733039, 0.484137, -0.733987, 0.476314, 4.61496, 2.82427, 0)
shadow_enabled = true

[node name="chessboard" parent="." instance=ExtResource("2_s8vca")]

[node name="door_1" parent="." instance=ExtResource("3_aion5")]
transform = Transform3D(-4.37114e-08, 0, -1, 0, 1, 0, 1, 0, -4.37114e-08, -6, 0, 3)

[node name="counter" parent="." instance=ExtResource("4_s8vca")]
transform = Transform3D(1, 0, 0, 0, 1, 0, 0, 0, 1, 2.53731, 0, -4)

[node name="reception_table_1" parent="." instance=ExtResource("6_sftlp")]
transform = Transform3D(1, 0, 0, 0, 1, 0, 0, 0, 1, 5, 0, 1)

[node name="reception_chair_5" parent="reception_table_1" instance=ExtResource("5_aion5")]
transform = Transform3D(0.707107, 0, -0.707107, 0, 1, 0, 0.707107, 0, 0.707107, 1.00008, 0, -0.999985)

[node name="reception_chair_6" parent="reception_table_1" instance=ExtResource("5_aion5")]
transform = Transform3D(-0.707107, 0, -0.707107, 0, 1, 0, 0.707107, 0, -0.707107, 1.00002, 0, 0.999954)

[node name="reception_chair_7" parent="reception_table_1" instance=ExtResource("5_aion5")]
transform = Transform3D(-0.707107, 0, 0.707107, 0, 1, 0, -0.707107, 0, -0.707107, -0.99992, 0, 1.00002)

[node name="reception_chair_8" parent="reception_table_1" instance=ExtResource("5_aion5")]
transform = Transform3D(0.707107, 0, 0.707107, 0, 1, 0, -0.707107, 0, 0.707107, -0.99992, 0, -0.999985)

[node name="reception_table_2" parent="." instance=ExtResource("6_sftlp")]
transform = Transform3D(1, 0, 0, 0, 1, 0, 0, 0, 1, 1, 0, 5)

[node name="reception_chair_1" parent="reception_table_2" instance=ExtResource("5_aion5")]
transform = Transform3D(0.707107, 0, 0.707107, 0, 1, 0, -0.707107, 0, 0.707107, -1, 0, -1)

[node name="reception_chair_2" parent="reception_table_2" instance=ExtResource("5_aion5")]
transform = Transform3D(0.707107, 0, -0.707107, 0, 1, 0, 0.707107, 0, 0.707107, 1, 0, -1)

[node name="reception_chair_3" parent="reception_table_2" instance=ExtResource("5_aion5")]
transform = Transform3D(-0.707107, 0, -0.707107, 0, 1, 0, 0.707107, 0, -0.707107, 1, 0, 1)

[node name="reception_chair_4" parent="reception_table_2" instance=ExtResource("5_aion5")]
transform = Transform3D(-0.707107, 0, 0.707107, 0, 1, 0, -0.707107, 0, -0.707107, -1, 0, 1)

[node name="reception_table_3" parent="." instance=ExtResource("6_sftlp")]
transform = Transform3D(1, 0, 0, 0, 1, 0, 0, 0, 1, 5, 0, 5)

[node name="reception_chair_1" parent="reception_table_3" instance=ExtResource("5_aion5")]
transform = Transform3D(0.707107, 0, 0.707107, 0, 1, 0, -0.707107, 0, 0.707107, -1, 0, -1)

[node name="reception_chair_2" parent="reception_table_3" instance=ExtResource("5_aion5")]
transform = Transform3D(0.707107, 0, -0.707107, 0, 1, 0, 0.707107, 0, 0.707107, 1, 0, -1)

[node name="reception_chair_3" parent="reception_table_3" instance=ExtResource("5_aion5")]
transform = Transform3D(-0.707107, 0, -0.707107, 0, 1, 0, 0.707107, 0, -0.707107, 1, 0, 1)

[node name="reception_chair_4" parent="reception_table_3" instance=ExtResource("5_aion5")]
transform = Transform3D(-0.707107, 0, 0.707107, 0, 1, 0, -0.707107, 0, -0.707107, -1, 0, 1)

[node name="reception_table_4" parent="." instance=ExtResource("6_sftlp")]
transform = Transform3D(1, 0, 0, 0, 1, 0, 0, 0, 1, 1, 0, 1)

[node name="reception_chair_1" parent="reception_table_4" instance=ExtResource("5_aion5")]
transform = Transform3D(0.707107, 0, 0.707107, 0, 1, 0, -0.707107, 0, 0.707107, -1, 0, -1)

[node name="reception_chair_2" parent="reception_table_4" instance=ExtResource("5_aion5")]
transform = Transform3D(0.707107, 0, -0.707107, 0, 1, 0, 0.707107, 0, 0.707107, 1, 0, -1)

[node name="reception_chair_3" parent="reception_table_4" instance=ExtResource("5_aion5")]
transform = Transform3D(-0.707107, 0, -0.707107, 0, 1, 0, 0.707107, 0, -0.707107, 1, 0, 1)

[node name="reception_chair_4" parent="reception_table_4" instance=ExtResource("5_aion5")]
transform = Transform3D(-0.707107, 0, 0.707107, 0, 1, 0, -0.707107, 0, -0.707107, -1, 0, 1)

[node name="elevator" parent="." instance=ExtResource("7_s7rcd")]
transform = Transform3D(1, 0, 0, 0, 1, 0, 0, 0, 1, -3, 0, -7)

[node name="csg_elevator_wall" type="CSGBox3D" parent="."]
transform = Transform3D(1, 0, 0, 0, 1, 0, 0, 0, 1, -0.032891, 1.51379, -6)
size = Vector3(0.408875, 3, 4)
material = SubResource("StandardMaterial3D_gimty")

[node name="csg_elevator_pillar" type="CSGBox3D" parent="."]
transform = Transform3D(1, 0, 0, 0, 1, 0, 0, 0, 1, 0.0318582, 1.51379, -3.94922)
size = Vector3(1.0507, 3, 1.06445)
material = SubResource("StandardMaterial3D_gimty")

[node name="csg_elevator_wall_3" type="CSGBox3D" parent="."]
transform = Transform3D(1, 0, 0, 0, 1, 0, 0, 0, 1, -5.96607, 1.51379, -2.79782)
size = Vector3(0.408875, 3, 10.4044)
material = SubResource("StandardMaterial3D_gimty")

[node name="marker_teleport_cafe" type="Marker3D" parent="."]
transform = Transform3D(1, 0, 0, 0, 1, 0, 0, 0, 1, -5, 0, 3)
script = ExtResource("9_lctwu")
to = "res://scene/level/cafe.tscn"
args = {
"by": 34
}
metadata/_custom_type_script = "uid://bbi6kjxerg3hk"

[node name="marker_elevator" type="Marker3D" parent="."]
transform = Transform3D(1, 0, 0, 0, 1, 0, 0, 0, 1, -3, 0, -7)
script = ExtResource("10_h67uj")
piece = 122
metadata/_custom_type_script = "uid://chtqhpiu556i1"

[node name="actor_y_0" type="Node3D" parent="."]
transform = Transform3D(1, 0, 0, 0, 1, 0, 0, 0, 1, -7, 0, -7)
script = ExtResource("10_rxgqy")
piece_type = 121
metadata/_custom_type_script = "uid://bt4vtnpxu5i4x"

[node name="actor_y_1" type="Node3D" parent="."]
transform = Transform3D(1, 0, 0, 0, 1, 0, 0, 0, 1, -7, 0, -5)
script = ExtResource("10_rxgqy")
piece_type = 121
metadata/_custom_type_script = "uid://bt4vtnpxu5i4x"

[node name="actor_y_2" type="Node3D" parent="."]
transform = Transform3D(1, 0, 0, 0, 1, 0, 0, 0, 1, -7, 0, -3)
script = ExtResource("10_rxgqy")
piece_type = 121
metadata/_custom_type_script = "uid://bt4vtnpxu5i4x"

[node name="actor_y_3" type="Node3D" parent="."]
transform = Transform3D(1, 0, 0, 0, 1, 0, 0, 0, 1, -7, 0, -1)
script = ExtResource("10_rxgqy")
piece_type = 121
metadata/_custom_type_script = "uid://bt4vtnpxu5i4x"

[node name="actor_y_4" type="Node3D" parent="."]
transform = Transform3D(1, 0, 0, 0, 1, 0, 0, 0, 1, -7, 0, 1)
script = ExtResource("10_rxgqy")
piece_type = 121
metadata/_custom_type_script = "uid://bt4vtnpxu5i4x"

[node name="actor_y_5" type="Node3D" parent="."]
transform = Transform3D(1, 0, 0, 0, 1, 0, 0, 0, 1, -7, 0, 3)
script = ExtResource("10_rxgqy")
piece_type = 121
metadata/_custom_type_script = "uid://bt4vtnpxu5i4x"

[node name="actor_y_6" type="Node3D" parent="."]
transform = Transform3D(1, 0, 0, 0, 1, 0, 0, 0, 1, -7, 0, 5)
script = ExtResource("10_rxgqy")
piece_type = 121
metadata/_custom_type_script = "uid://bt4vtnpxu5i4x"

[node name="actor_y_7" type="Node3D" parent="."]
transform = Transform3D(1, 0, 0, 0, 1, 0, 0, 0, 1, -7, 0, 7)
script = ExtResource("10_rxgqy")
piece_type = 121
metadata/_custom_type_script = "uid://bt4vtnpxu5i4x"

[node name="actor_y_8" type="Node3D" parent="."]
transform = Transform3D(1, 0, 0, 0, 1, 0, 0, 0, 1, 1, 0, 1)
script = ExtResource("10_rxgqy")
piece_type = 121
metadata/_custom_type_script = "uid://bt4vtnpxu5i4x"

[node name="actor_y_9" type="Node3D" parent="."]
transform = Transform3D(1, 0, 0, 0, 1, 0, 0, 0, 1, 5, 0, 1)
script = ExtResource("10_rxgqy")
piece_type = 121
metadata/_custom_type_script = "uid://bt4vtnpxu5i4x"

[node name="actor_y_10" type="Node3D" parent="."]
transform = Transform3D(1, 0, 0, 0, 1, 0, 0, 0, 1, 1, 0, 5)
script = ExtResource("10_rxgqy")
piece_type = 121
metadata/_custom_type_script = "uid://bt4vtnpxu5i4x"

[node name="actor_y_11" type="Node3D" parent="."]
transform = Transform3D(1, 0, 0, 0, 1, 0, 0, 0, 1, 5, 0, 5)
script = ExtResource("10_rxgqy")
piece_type = 121
metadata/_custom_type_script = "uid://bt4vtnpxu5i4x"
