[gd_scene load_steps=12 format=3 uid="uid://c6ey8gnor627h"]

[ext_resource type="Script" uid="uid://cjddqgsgfo4hw" path="res://src/outside.gd" id="1_4agfd"]
[ext_resource type="PackedScene" uid="uid://b3ml34bssywkr" path="res://scene/player.tscn" id="2_x378j"]
[ext_resource type="PackedScene" uid="uid://bmv2xhfws616g" path="res://scene/level.tscn" id="4_yxhtu"]
[ext_resource type="PackedScene" uid="uid://dwvyc2qlcdag0" path="res://scene/chessboard_large.tscn" id="5_wlbto"]
[ext_resource type="PackedScene" uid="uid://ekjtt81nkr2f" path="res://scene/flower.tscn" id="6_7hbya"]
[ext_resource type="PackedScene" uid="uid://bfl3bn4u2am21" path="res://scene/tree.tscn" id="7_l2gin"]
[ext_resource type="PackedScene" uid="uid://rlos56ckp02d" path="res://scene/shrub.tscn" id="8_j2blk"]
[ext_resource type="Script" uid="uid://bbi6kjxerg3hk" path="res://src/marker_teleport.gd" id="11_ebvva"]

[sub_resource type="ProceduralSkyMaterial" id="ProceduralSkyMaterial_gs8dr"]
sky_top_color = Color(1, 1, 1, 1)
sky_horizon_color = Color(2.1665, 2.1665, 2.1665, 1)
ground_bottom_color = Color(1, 1, 1, 1)
ground_horizon_color = Color(2.1665, 2.1665, 2.1665, 1)

[sub_resource type="Sky" id="Sky_cdevh"]
sky_material = SubResource("ProceduralSkyMaterial_gs8dr")

[sub_resource type="Environment" id="Environment_w3jsn"]
background_mode = 2
sky = SubResource("Sky_cdevh")
ssr_enabled = true
ssr_max_steps = 32
fog_enabled = true
fog_light_color = Color(1, 1, 1, 1)
volumetric_fog_albedo = Color(0.88, 0.79816, 0.6072, 1)
volumetric_fog_emission = Color(1, 1, 1, 1)
adjustment_enabled = true

[node name="outside" type="Node3D"]
script = ExtResource("1_4agfd")
metadata/by = 96

[node name="WorldEnvironment" type="WorldEnvironment" parent="."]
environment = SubResource("Environment_w3jsn")

[node name="DirectionalLight3D" type="DirectionalLight3D" parent="."]
transform = Transform3D(-0.866024, -0.433016, 0.250001, 0, 0.499998, 0.866026, -0.500003, 0.749999, -0.43301, 0, 0, 0)
light_color = Color(0.419813, 0.419813, 0.419813, 1)
shadow_enabled = true

[node name="player" parent="." instance=ExtResource("2_x378j")]

[node name="level" parent="." instance=ExtResource("4_yxhtu")]

[node name="chessboard" parent="level" instance=ExtResource("5_wlbto")]

[node name="camera" type="Camera3D" parent="level"]
transform = Transform3D(-0.81532, -0.393181, 0.425043, 4.6825e-08, 0.734086, 0.679057, -0.57901, 0.553649, -0.598515, 6.94267, 6.60401, -9.89791)

[node name="flower" parent="level" instance=ExtResource("6_7hbya")]
transform = Transform3D(1, 0, 0, 0, 1, 0, 0, 0, 1, -1, 0, -3)
piece_type = 0

[node name="tree_2" parent="level" instance=ExtResource("7_l2gin")]
transform = Transform3D(1, 0, 0, 0, 1, 0, 0, 0, 1, 7, 0, 7)
piece_type = 89

[node name="tree_3" parent="level" instance=ExtResource("7_l2gin")]
transform = Transform3D(0.965926, 0, 0.258819, 0, 1, 0, -0.258819, 0, 0.965926, 1, 0, 7)
piece_type = 89

[node name="tree_4" parent="level" instance=ExtResource("7_l2gin")]
transform = Transform3D(0.5, 0, -0.866025, 0, 1, 0, 0.866025, 0, 0.5, 3, 0, 7)
piece_type = 89

[node name="tree_5" parent="level" instance=ExtResource("7_l2gin")]
transform = Transform3D(0.258819, 0, 0.965926, 0, 1, 0, -0.965926, 0, 0.258819, -3, 0, 7)
piece_type = 89

[node name="tree_6" parent="level" instance=ExtResource("7_l2gin")]
transform = Transform3D(1, 0, 0, 0, 1, 0, 0, 0, 1, -1, 0, 7)
piece_type = 89

[node name="tree_7" parent="level" instance=ExtResource("7_l2gin")]
transform = Transform3D(0.965926, 0, 0.258819, 0, 1, 0, -0.258819, 0, 0.965926, -7, 0, 7)
piece_type = 89

[node name="tree_8" parent="level" instance=ExtResource("7_l2gin")]
transform = Transform3D(0.5, 0, -0.866025, 0, 1, 0, 0.866025, 0, 0.5, -5, 0, 7)
piece_type = 89

[node name="shrub_2" parent="level" instance=ExtResource("8_j2blk")]
transform = Transform3D(1, 0, 0, 0, 1, 0, 0, 0, 1, -7, 0, 3)
piece_type = 88

[node name="shrub_3" parent="level" instance=ExtResource("8_j2blk")]
transform = Transform3D(1, 0, 0, 0, 1, 0, 0, 0, 1, -5, 0, 3)
piece_type = 88

[node name="shrub_4" parent="level" instance=ExtResource("8_j2blk")]
transform = Transform3D(1, 0, 0, 0, 1, 0, 0, 0, 1, -3, 0, 3)
piece_type = 88

[node name="shrub_5" parent="level" instance=ExtResource("8_j2blk")]
transform = Transform3D(1, 0, 0, 0, 1, 0, 0, 0, 1, -1, 0, 3)
piece_type = 88

[node name="shrub_6" parent="level" instance=ExtResource("8_j2blk")]
transform = Transform3D(1, 0, 0, 0, 1, 0, 0, 0, 1, 1, 0, 3)
piece_type = 88

[node name="shrub_10" parent="level" instance=ExtResource("8_j2blk")]
transform = Transform3D(1, 0, 0, 0, 1, 0, 0, 0, 1, -7, 0, 1)
piece_type = 88

[node name="shrub_11" parent="level" instance=ExtResource("8_j2blk")]
transform = Transform3D(1, 0, 0, 0, 1, 0, 0, 0, 1, -7, 0, -1)
piece_type = 88

[node name="shrub_12" parent="level" instance=ExtResource("8_j2blk")]
transform = Transform3D(1, 0, 0, 0, 1, 0, 0, 0, 1, -7, 0, -3)
piece_type = 88

[node name="shrub_13" parent="level" instance=ExtResource("8_j2blk")]
transform = Transform3D(1, 0, 0, 0, 1, 0, 0, 0, 1, -7, 0, -5)
piece_type = 88

[node name="shrub_14" parent="level" instance=ExtResource("8_j2blk")]
transform = Transform3D(1, 0, 0, 0, 1, 0, 0, 0, 1, -7, 0, -7)
piece_type = 88

[node name="marker_teleport" type="Marker3D" parent="level"]
transform = Transform3D(1, 0, 0, 0, 1, 0, 0, 0, 1, -7, 0, 5)
script = ExtResource("11_ebvva")
to = "res://scene/outside_2.tscn"
args = {
"by": 103
}
metadata/_custom_type_script = "uid://bbi6kjxerg3hk"

[editable path="level"]
