[gd_scene load_steps=7 format=3 uid="uid://bx261kx0v8vew"]

[ext_resource type="Script" uid="uid://df1jvoew7cb6y" path="res://src/sandbox.gd" id="1_23ueg"]
[ext_resource type="PackedScene" uid="uid://d1s6qj7aofldk" path="res://scene/chessboard.tscn" id="1_h0kme"]
[ext_resource type="PackedScene" uid="uid://b3ml34bssywkr" path="res://scene/player.tscn" id="3_htjak"]

[sub_resource type="ProceduralSkyMaterial" id="ProceduralSkyMaterial_23ueg"]
sky_horizon_color = Color(0.662243, 0.671743, 0.686743, 1)
ground_horizon_color = Color(0.662243, 0.671743, 0.686743, 1)

[sub_resource type="Sky" id="Sky_31ryr"]
sky_material = SubResource("ProceduralSkyMaterial_23ueg")

[sub_resource type="Environment" id="Environment_htjak"]
background_mode = 2
sky = SubResource("Sky_31ryr")
tonemap_mode = 2

[node name="sandbox" type="Node3D"]
script = ExtResource("1_23ueg")

[node name="DirectionalLight3D" type="DirectionalLight3D" parent="."]
transform = Transform3D(-0.866023, -0.433016, 0.250001, 0, 0.499998, 0.866027, -0.500003, 0.749999, -0.43301, 0, 0, 0)
shadow_enabled = true

[node name="WorldEnvironment" type="WorldEnvironment" parent="."]
environment = SubResource("Environment_htjak")

[node name="chessboard" parent="." instance=ExtResource("1_h0kme")]

[node name="camera_3d" type="Camera3D" parent="."]
transform = Transform3D(1, 0, 0, 0, 0.643977, 0.765045, 0, -0.765045, 0.643977, 0, 0.683727, 0.778705)

[node name="player" parent="." instance=ExtResource("3_htjak")]
transform = Transform3D(1, 0, 0, 0, 0.859808, 0.510618, 0, -0.510618, 0.859808, 0, 0.822969, 1.26042)
